[ 129 4.5 ]
[ 129 4.5 0.5 ]
[ 137 4.5 ]
[ 137 4.5 1 ]
[ 145 6 ]
[ 145 6 2 ]
[ 153 6 ]
[ 153 6 2 ]
[ 161 6 ]
[ 161 6 2 ]
[ 169 45 ]
[ 169 45 5 ]
[ 173 45 ]
[ 173 45 1 ]
[ 177 6 ]
[ 177 6 3 ]
[ 181 6 ]
[ 181 6 3 ]
[ 189 6 ]
[ 189 6 -5 ]
[ 193 6 ]
[ 193 6 -5 ]
[ 197 6.2 ]
[ 197 6.2 -5.1 ]
[ 205 6.2 ]
[ 205 6.2 5.1 ]
[ 213 6 ]
[ 213 6 3 ]
[ 213 6 3 5 ]
[ 213 6 15 ]
[ 217 1 ]
[ 217 1 0 ]
[ 9 ]
9.000000
[ 4.5 ]
4.500000
[ 3 ]
3.000000
[ 4 ]
4.000000
[ 8 ]
8.000000
[ 9 ]
9
[ 45 ]
45
[ 2 ]
2
[ 9 ]
9
[ 21 ]
21
[ 239 ]
hello[ -5 ]
-5
[ 11 ]
11
[ 1 ]
1
[ 1.1 ]
1.100000
[ 11.3 ]
11.300000
[ 1 ]
true
[ 222 ]
test
